1
1
1
1
1
1
1
1
1
1
1
1
1
1
1
1
1
1
1
1
1
1
1
1
1
1
1
1
1
1
1
1
1
1
1
1
1
1
1
1
1
1
1
1
1
1
1
1
1
1
1
1
1
1
1
1
1
1
1
1
1
1
1
1
1
1
1
1
1
1
1
1
1
1
1
1
1
1
1
1
1
1
1
1
1
1
1
1
1
1
1
1
1
1
1
1
1
1
1
1
1
1
1
1
1
1
1
1
1
1
1
1
1
1
1
1
1
1
1
1
1
1
1
1
1
1
1
1
1
1
1
1
1
1
1
1
1
1
1
1
1
1
1
1
1
1
1
1
1
1
1
1
1
1
1
1
1
1
1
1
1
1
1
1
1
1
1
1
1
1
1
1
1
1
1
1
1
1
1
1
1
1
1
1
1
1
1
1
1
1
1
1
1
1
1
1
1
1
1
1
1
1
1
1
1
1
1
1
1
1
1
1
1
1
1
1
1
1
1
1
1
1
1
1
1
0.7663126105712085
0.6919675677054067
0.6571597236781561
0.6356069177654505
0.6199661171634994
0.6075746722312898
0.5972252933193487
0.5882742632605434
0.5803382057660824
0.5731705288924501
0.5666034584914031
0.5605178383198253
0.5548261120672411
0.5494621349520014
0.5443747723286317
0.5395237153156332
0.5348766534608231
0.5304073096809305
0.5260940408511341
0.5219188198344509
0.5178664810078894
0.5139241517249406
0.5100808174903189
0.5063269849344267
0.5026544174209582
0.4990559253483394
0.4955251981581852
0.4920566685157458
0.4886454015707326
0.4852870039612633
0.481977548499863
0.4787135114200572
0.4754917197616906
0.4723093069993851
0.4691636754183605
0.4660524640482538
0.4629735212024759
0.4599248808551864
0.4569047422328691
0.4539114521119985
0.4509434894054428
0.4479994516932074
0.4450780434119199
0.4421780654650592
0.439298406054717
0.4364380325674054
0.4335959843725331
0.4307713664137312
0.4279633434911068
0.4251711351474123
0.4223940110835963
0.4196312870396747
0.4168823210856996
0.4141465102750642
0.4114232876187323
0.4087121193443722
0.4060125024089912
0.4033239622376136
0.4006460506639429
0.3979783440518685
0.3953204415792094
0.3926719636672689
0.3900325505416774
0.3874018609116548
0.3847795707562619
0.3821653722074749
0.3795589725210214
0.3769600931268838
0.374368468752233
0.3717838466103072
0.3692059856494124
0.3666346558568117
0.3640696376127944
0.3615107210906727
0.3589577056988718
0.3564103995616417
0.353868619035252
0.3513321882568159
0.3488009387231612
0.3462747088973912
0.3437533438410003
0.3412366948695867
0.3387246192303878
0.3362169798000057
0.3337136448008423
0.3312144875348746
0.3287193861335285
0.3262282233225016
0.3237408862004864
0.3212572660308235
0.3187772580452001
0.3163007612585683
0.3138276782945334
0.3113579152205109
0.3088913813920108
0.3064279893054522
0.3039676544589599
0.3015102952206297
0.2990558327037942
0.2966041906488465
0.2941552953112195
0.2917090753551379
0.2892654617527983
0.2868243876886431
0.2843857884684319
0.2819496014328203
0.2795157658751878
0.277084222963463
0.2746549156657225
0.2722277886793415
0.2698027883635029
0.26737986267487
0.2649589611062538
0.2625400346281052
0.2601230356326806
0.2577079178807367
0.2552946364506168
0.2528831476896039
0.2504734091674206
0.2480653796317607
0.245659018965753
0.2432542881472508
0.2408511492098611
0.2384495652056185
0.2360495001692277
0.2336509190837904
0.2312537878479484
0.2288580732443695
0.2264637429095129
0.2240707653046113
0.221679109687812
0.2192887460874207
0.2168996452761967
0.2145117787466501
0.2121251186872933
0.2097396379598037
0.2073553100770552
0.2049721091819785
0.2025900100272131
0.2002089879555142
0.1978290188808834
0.1954500792703865
0.193072146126633
0.1906951969708833
0.1883192098267616
0.1859441632045418
0.1835700360859884
0.1811968079097222
0.1788244585570942
0.1764529683385412
0.1740823179804063
0.1717124886122027
0.1693434617543038
0.16697521930604
0.1646077435341875
0.1622410170618317
0.1598750228575901
0.15750974422518
0.1551451647933175
0.1527812685059338
0.1504180396126963
0.1480554626598225
0.1456935224811748
0.1433322041896248
0.1409714931686772
0.138611375064342
0.1362518357772464
0.1338928614549755
0.1315344384846352
0.1291765534856251
0.1268191933026177
0.1244623449987308
0.1221059958488912
0.1197501333333764
0.1173947451315332
0.1150398191156607
0.1126853433450569
0.1103313060602173
0.1079776956771843
0.1056245007820381
0.1032717101255252
0.100919312617819
0.0985672973234076
0.09621565345610234
0.09386437037416487
0.09151343757554567
0.08916284469323124
0.08681258149069451
0.08446263785744571
0.08211300380467775
0.07976366946100451
0.07741462506828613
0.07506586097753953
0.072717367644929
0.07036913562783512
0.06802115558099692
0.06567341825272585
0.06332591448118707
0.06097863519074579
0.05863157138837547
0.05628471416012523
0.05393805466764323
0.05159158414475407
0.04924529389408659
0.04689917528375063
0.04455321974405911
0.04220741876429401
0.03986176388951279
0.03751624671739418
0.03517085889511955
0.0328255921162891
0.03048043811786937
0.02813538867717087
0.02579043560885293
0.02344557076195444
0.02110078601694751
0.01875607328281287
0.01641142449413437
0.01406683160821087
0.01172228660218351
0.009377781470176323
0.007033308220448353
0.004688858872555232
0.002344425454518396
0
